1 2
2 1
3 4
3 370
4 3
4 76
4 105
4 106
5 6
5 7
5 8
5 9
5 10
6 5
6 8
6 9
6 96
7 5
8 5
8 119
8 9
8 96
8 6
9 5
9 8
9 6
9 551
10 5
10 169
10 94
10 377
11 12
12 11
13 14
13 15
13 37
13 38
13 39
13 40
13 58
13 59
13 60
13 61
13 62
13 63
13 355
14 13
14 183
14 253
14 348
15 13
15 435
15 58
16 17
17 16
17 170
17 171
18 19
19 18
20 21
21 20
21 32
22 23
22 24
23 22
23 528
24 22
25 26
26 25
26 267
27 28
28 27
28 457
29 30
30 29
31 32
32 31
32 92
32 175
32 501
32 527
32 21
32 409
32 627
32 593
33 34
34 33
35 36
36 35
37 13
37 69
38 13
39 13
39 75
39 58
39 135
39 136
39 137
40 13
41 42
42 41
43 44
44 43
45 46
45 47
46 45
46 47
47 45
47 46
48 48
49 50
50 49
50 81
50 138
50 94
50 175
50 219
50 227
50 309
50 389
50 120
50 432
50 448
50 449
50 58
50 485
50 518
50 551
50 553
50 106
50 608
50 629
50 630
50 635
50 642
50 645
50 483
50 653
50 654
51 52
51 53
52 51
52 68
52 321
52 427
52 500
53 51
54 55
55 54
56 57
57 56
57 483
58 13
58 39
58 249
58 50
58 15
59 13
60 13
60 71
60 249
61 13
62 13
62 62
62 239
63 13
64 65
65 64
66 67
67 66
68 52
69 37
70 71
71 70
71 60
71 338
71 339
71 449
72 72
73 74
74 73
75 39
75 77
75 78
75 79
75 80
76 4
76 476
76 109
77 75
78 75
79 75
79 350
80 75
81 50
82 83
83 82
83 257
83 367
83 544
84 85
85 84
86 87
86 88
87 86
88 86
88 195
89 89
90 91
91 90
92 32
93 94
93 95
93 96
94 93
94 105
94 119
94 169
94 50
94 10
94 109
95 93
95 464
96 93
96 243
96 8
96 102
96 421
96 443
96 453
96 519
96 533
96 6
96 583
97 98
98 97
99 100
100 99
101 102
101 134
101 140
102 101
102 96
103 104
103 388
103 337
103 390
103 391
103 211
104 103
105 106
105 107
105 108
105 109
105 94
105 4
105 110
106 105
106 4
106 50
106 557
106 108
107 105
108 105
108 499
108 106
108 109
108 651
109 105
109 405
109 454
109 593
109 76
109 94
109 302
109 238
109 108
110 105
110 465
111 112
112 111
113 114
114 113
115 116
115 418
115 419
116 115
117 118
118 117
119 120
119 94
119 121
119 122
119 8
120 119
120 50
120 169
120 122
121 119
122 119
122 120
123 124
124 123
125 126
125 127
125 163
126 125
126 455
126 457
126 458
126 169
126 163
127 125
128 129
129 128
130 131
131 130
131 255
132 133
133 132
134 101
135 39
136 39
136 581
136 582
137 39
137 345
137 474
138 139
138 50
139 138
140 101
140 183
140 216
140 256
140 302
140 320
140 467
140 393
140 508
140 554
140 478
140 637
140 483
141 142
142 141
142 226
142 498
143 144
144 143
145 146
146 145
147 148
148 147
149 150
149 151
149 152
149 153
149 154
149 155
149 156
149 157
149 158
149 159
149 160
150 149
150 384
150 151
150 152
150 153
150 385
150 155
150 156
150 213
150 158
150 159
150 160
151 149
151 152
151 153
151 156
151 159
151 160
151 150
152 149
152 151
152 153
152 154
152 156
152 251
152 159
152 160
152 150
153 149
153 151
153 152
153 154
153 155
153 156
153 158
153 159
153 160
153 384
153 150
154 149
154 152
154 153
155 149
155 153
155 384
155 150
155 251
155 159
155 160
156 149
156 151
156 152
156 153
156 384
156 150
156 157
156 158
156 160
157 149
157 158
157 213
157 214
157 160
157 156
158 149
158 213
158 157
158 214
158 250
158 251
158 153
158 384
158 150
158 281
158 156
159 149
159 151
159 152
159 153
159 384
159 150
159 155
160 149
160 183
160 213
160 157
160 281
160 251
160 151
160 152
160 153
160 384
160 150
160 385
160 532
160 156
160 155
161 162
162 161
162 479
163 125
163 126
164 165
165 164
166 167
166 168
167 166
168 166
169 94
169 170
169 171
169 10
169 332
169 340
169 405
169 457
169 126
169 472
169 458
169 120
169 499
169 383
170 169
170 235
170 17
171 169
171 17
172 173
173 172
174 174
175 32
175 50
176 176
177 178
177 533
178 177
179 179
180 181
180 641
180 588
181 180
181 408
181 478
182 183
183 182
183 200
183 201
183 14
183 202
183 205
183 140
183 160
183 349
183 351
183 399
183 459
183 531
183 478
183 598
183 607
183 569
183 636
183 645
183 663
184 185
185 184
186 187
187 186
188 189
188 190
189 188
190 188
191 192
192 191
193 194
194 193
195 88
196 197
197 196
198 199
198 286
199 198
199 286
199 287
200 183
201 183
202 183
202 206
202 234
202 203
202 288
202 495
202 621
203 204
203 258
203 202
203 638
204 203
205 183
205 235
205 635
206 202
206 374
207 208
208 207
209 210
210 209
211 212
211 103
212 211
213 158
213 214
213 160
213 157
213 150
213 385
214 213
214 157
214 158
214 281
214 251
215 215
216 140
217 217
218 218
219 50
220 221
221 220
222 223
223 222
223 398
224 225
225 224
226 142
226 291
227 50
228 229
229 228
230 231
231 230
232 233
233 232
234 202
235 236
235 237
235 205
235 170
235 238
235 584
236 235
237 235
238 235
238 109
239 62
240 241
241 240
241 374
242 243
242 499
243 242
243 96
243 400
244 245
245 244
245 293
246 247
247 246
248 249
249 248
249 254
249 253
249 404
249 412
249 475
249 58
249 552
249 60
250 158
251 158
251 281
251 214
251 160
251 152
251 384
251 155
252 253
253 252
253 249
253 289
253 14
254 249
255 131
256 140
256 403
256 554
257 83
257 544
258 203
259 259
260 260
261 261
262 263
262 510
263 262
264 264
265 266
266 265
267 26
268 269
269 268
270 271
271 270
272 273
273 272
274 275
275 274
276 277
277 276
278 279
279 278
280 280
281 251
281 160
281 214
281 158
282 283
283 282
284 285
285 284
286 199
286 198
287 199
288 202
288 393
289 253
290 290
291 226
292 292
293 245
294 295
295 294
295 301
296 296
297 297
298 299
299 298
299 417
299 540
299 630
300 301
300 465
301 300
301 295
302 140
302 109
303 303
304 304
305 306
306 305
306 306
307 308
308 307
309 50
310 311
311 310
312 312
313 313
314 314
315 315
316 317
317 316
318 319
319 318
320 140
321 52
322 322
323 323
324 325
325 324
326 327
327 326
328 329
329 328
330 330
331 331
332 169
332 383
333 334
333 406
333 407
334 333
335 336
335 337
336 335
337 335
337 103
338 71
339 71
340 169
341 342
342 341
343 344
344 343
345 137
346 347
347 346
348 14
349 183
350 79
351 183
352 352
353 354
354 353
355 13
356 357
357 356
358 359
359 358
360 361
361 360
362 363
362 364
362 365
363 362
364 362
365 362
366 366
367 83
368 369
369 368
370 3
370 499
371 371
372 373
372 374
373 372
374 372
374 206
374 241
374 410
374 411
375 376
376 375
377 378
377 10
378 377
378 652
379 380
380 379
381 382
382 381
383 332
383 169
384 150
384 153
384 385
384 155
384 156
384 158
384 251
384 159
384 160
385 384
385 150
385 213
385 160
386 387
387 386
388 103
389 50
390 103
391 103
392 393
393 392
393 478
393 288
393 140
394 395
395 394
396 396
397 398
398 397
398 491
398 492
398 223
399 183
400 243
401 402
402 401
403 256
404 249
405 109
405 169
406 407
406 333
407 406
407 333
408 409
408 181
409 408
409 32
410 374
411 374
411 620
412 249
413 414
414 413
415 416
416 415
417 299
418 115
418 473
419 115
420 421
421 420
421 96
422 423
423 422
424 425
425 424
426 427
427 426
427 52
427 456
428 429
429 428
430 431
431 430
432 50
433 434
434 433
435 15
435 436
436 435
437 438
438 437
439 440
440 439
441 442
442 441
443 96
444 445
445 444
446 447
447 446
448 50
449 71
449 450
449 50
450 449
451 452
452 451
453 96
454 109
455 126
456 427
457 126
457 169
457 28
458 126
458 169
459 183
460 461
461 460
462 462
463 463
464 95
465 466
465 110
465 300
466 465
467 140
468 469
469 468
469 542
470 471
471 470
472 169
473 418
474 137
475 249
476 76
476 477
477 476
478 393
478 508
478 183
478 181
478 596
478 597
478 140
479 162
480 481
481 480
482 483
483 482
483 509
483 57
483 50
483 140
484 485
485 484
485 50
486 487
486 488
487 486
487 488
488 486
488 487
489 490
490 489
491 398
492 398
493 494
494 493
495 202
496 497
497 496
498 142
499 370
499 108
499 169
499 242
500 52
501 32
502 503
503 502
504 505
505 504
505 535
506 507
507 506
507 618
508 478
508 140
509 483
510 511
510 262
511 510
511 656
512 513
513 512
514 515
515 514
516 517
517 516
518 50
519 96
520 521
521 520
522 523
522 524
523 522
524 522
525 526
526 525
527 32
528 23
529 530
530 529
530 624
531 183
532 160
533 177
533 96
534 534
535 505
536 537
537 536
538 539
539 538
540 299
541 542
542 541
542 565
542 469
543 543
544 83
544 257
545 546
546 545
547 548
548 547
549 550
550 549
550 559
551 50
551 9
552 249
552 555
553 50
554 256
554 140
555 552
555 591
556 557
557 556
557 586
557 106
558 558
559 550
560 561
561 560
562 563
563 562
564 564
565 542
566 567
567 566
568 569
569 568
569 609
569 183
570 571
571 570
572 573
573 572
574 575
575 574
576 577
577 576
578 579
579 578
580 580
581 136
582 136
583 96
584 235
585 585
586 557
587 588
588 587
588 180
589 590
590 589
591 555
592 593
593 592
593 628
593 109
593 615
593 32
594 595
595 594
596 478
597 478
598 183
599 600
600 599
601 602
602 601
603 604
604 603
605 606
606 605
607 183
608 50
609 569
610 611
610 612
611 610
612 610
613 614
613 615
614 613
615 613
615 593
616 617
617 616
618 507
619 620
620 619
620 411
621 202
622 623
623 622
624 530
625 626
626 625
627 32
628 593
629 50
630 50
630 299
631 632
632 631
633 634
634 633
635 50
635 205
636 183
637 140
638 203
639 640
640 639
641 180
642 50
643 644
644 643
645 646
645 183
645 50
646 645
647 648
648 647
649 650
650 649
651 108
652 378
653 50
654 50
655 655
656 511
657 658
658 657
659 660
660 659
661 662
662 661
663 183
